level	page_num	block_num	par_num	line_num	word_num	left	top	width	height	conf	text
1	1	0	0	0	0	0	0	1072	1054	-1	
2	1	1	0	0	0	0	0	1072	2	-1	
3	1	1	1	0	0	0	0	1072	2	-1	
4	1	1	1	1	0	0	0	1072	2	-1	
5	1	1	1	1	1	0	0	1072	2	95	 
2	1	2	0	0	0	84	110	671	13	-1	
3	1	2	1	0	0	84	110	671	13	-1	
4	1	2	1	1	0	84	110	671	13	-1	
5	1	2	1	1	1	84	110	75	11	62	ANNEXURE
5	1	2	1	1	2	164	110	7	11	72	I:
5	1	2	1	1	3	176	110	66	11	96	CONTACT
5	1	2	1	1	4	247	110	56	11	96	DETAILS
5	1	2	1	1	5	308	110	18	11	96	OF
5	1	2	1	1	6	330	110	26	11	93	IMT
5	1	2	1	1	7	360	110	141	12	93	MEMBERS/COVID-19
5	1	2	1	1	8	505	110	37	11	95	TASK
5	1	2	1	1	9	546	110	48	13	93	FORCE,
5	1	2	1	1	10	598	110	65	11	91	THIMPHU
5	1	2	1	1	11	668	110	87	11	60	DZONGKHAG
2	1	3	0	0	0	53	140	881	1	-1	
3	1	3	1	0	0	53	140	881	1	-1	
4	1	3	1	1	0	53	140	881	1	-1	
5	1	3	1	1	1	53	140	881	1	95	 
2	1	4	0	0	0	53	175	881	1	-1	
3	1	4	1	0	0	53	175	881	1	-1	
4	1	4	1	1	0	53	175	881	1	-1	
5	1	4	1	1	1	53	175	881	1	95	 
2	1	5	0	0	0	53	210	881	1	-1	
3	1	5	1	0	0	53	210	881	1	-1	
4	1	5	1	1	0	53	210	881	1	-1	
5	1	5	1	1	1	53	210	881	1	95	 
2	1	6	0	0	0	53	245	881	1	-1	
3	1	6	1	0	0	53	245	881	1	-1	
4	1	6	1	1	0	53	245	881	1	-1	
5	1	6	1	1	1	53	245	881	1	95	 
2	1	7	0	0	0	53	297	881	1	-1	
3	1	7	1	0	0	53	297	881	1	-1	
4	1	7	1	1	0	53	297	881	1	-1	
5	1	7	1	1	1	53	297	881	1	95	 
2	1	8	0	0	0	53	332	881	1	-1	
3	1	8	1	0	0	53	332	881	1	-1	
4	1	8	1	1	0	53	332	881	1	-1	
5	1	8	1	1	1	53	332	881	1	95	 
2	1	9	0	0	0	53	384	881	1	-1	
3	1	9	1	0	0	53	384	881	1	-1	
4	1	9	1	1	0	53	384	881	1	-1	
5	1	9	1	1	1	53	384	881	1	95	 
2	1	10	0	0	0	53	437	881	1	-1	
3	1	10	1	0	0	53	437	881	1	-1	
4	1	10	1	1	0	53	437	881	1	-1	
5	1	10	1	1	1	53	437	881	1	95	 
2	1	11	0	0	0	53	467	881	1	-1	
3	1	11	1	0	0	53	467	881	1	-1	
4	1	11	1	1	0	53	467	881	1	-1	
5	1	11	1	1	1	53	467	881	1	95	 
2	1	12	0	0	0	53	519	881	1	-1	
3	1	12	1	0	0	53	519	881	1	-1	
4	1	12	1	1	0	53	519	881	1	-1	
5	1	12	1	1	1	53	519	881	1	95	 
2	1	13	0	0	0	53	571	881	1	-1	
3	1	13	1	0	0	53	571	881	1	-1	
4	1	13	1	1	0	53	571	881	1	-1	
5	1	13	1	1	1	53	571	881	1	95	 
2	1	14	0	0	0	53	600	881	2	-1	
3	1	14	1	0	0	53	600	881	2	-1	
4	1	14	1	1	0	53	600	881	2	-1	
5	1	14	1	1	1	53	600	881	2	95	 
2	1	15	0	0	0	53	631	881	1	-1	
3	1	15	1	0	0	53	631	881	1	-1	
4	1	15	1	1	0	53	631	881	1	-1	
5	1	15	1	1	1	53	631	881	1	95	 
2	1	16	0	0	0	53	664	881	3	-1	
3	1	16	1	0	0	53	664	881	3	-1	
4	1	16	1	1	0	53	664	881	3	-1	
5	1	16	1	1	1	53	664	881	3	95	 
2	1	17	0	0	0	53	140	1	596	-1	
3	1	17	1	0	0	53	140	1	596	-1	
4	1	17	1	1	0	53	140	1	596	-1	
5	1	17	1	1	1	53	140	1	596	95	 
2	1	18	0	0	0	97	140	1	597	-1	
3	1	18	1	0	0	97	140	1	597	-1	
4	1	18	1	1	0	97	140	1	597	-1	
5	1	18	1	1	1	97	140	1	597	95	 
2	1	19	0	0	0	228	140	1	597	-1	
3	1	19	1	0	0	228	140	1	597	-1	
4	1	19	1	1	0	228	140	1	597	-1	
5	1	19	1	1	1	228	140	1	597	95	 
2	1	20	0	0	0	346	140	1	597	-1	
3	1	20	1	0	0	346	140	1	597	-1	
4	1	20	1	1	0	346	140	1	597	-1	
5	1	20	1	1	1	346	140	1	597	95	 
2	1	21	0	0	0	479	140	1	597	-1	
3	1	21	1	0	0	479	140	1	597	-1	
4	1	21	1	1	0	479	140	1	597	-1	
5	1	21	1	1	1	479	140	1	597	95	 
2	1	22	0	0	0	593	140	1	597	-1	
3	1	22	1	0	0	593	140	1	597	-1	
4	1	22	1	1	0	593	140	1	597	-1	
5	1	22	1	1	1	593	140	1	597	95	 
2	1	23	0	0	0	689	140	1	597	-1	
3	1	23	1	0	0	689	140	1	597	-1	
4	1	23	1	1	0	689	140	1	597	-1	
5	1	23	1	1	1	689	140	1	597	95	 
2	1	24	0	0	0	815	140	1	597	-1	
3	1	24	1	0	0	815	140	1	597	-1	
4	1	24	1	1	0	815	140	1	597	-1	
5	1	24	1	1	1	815	140	1	597	95	 
2	1	25	0	0	0	53	735	881	2	-1	
3	1	25	1	0	0	53	735	881	2	-1	
4	1	25	1	1	0	53	735	881	2	-1	
5	1	25	1	1	1	53	735	881	2	95	 
2	1	26	0	0	0	53	933	881	2	-1	
3	1	26	1	0	0	53	933	881	2	-1	
4	1	26	1	1	0	53	933	881	2	-1	
5	1	26	1	1	1	53	933	881	2	95	 
2	1	27	0	0	0	53	933	1	53	-1	
3	1	27	1	0	0	53	933	1	53	-1	
4	1	27	1	1	0	53	933	1	53	-1	
5	1	27	1	1	1	53	933	1	53	95	 
2	1	28	0	0	0	62	143	838	815	-1	
3	1	28	1	0	0	62	143	838	808	-1	
4	1	28	1	1	0	62	143	832	14	-1	
5	1	28	1	1	1	62	143	12	11	0	‘ST
5	1	28	1	1	2	106	143	37	11	12	Name
5	1	28	1	1	3	237	143	77	14	23	Designation]
5	1	28	1	1	4	354	133	29	31	94	Role
5	1	28	1	1	5	388	143	11	11	52	In
5	1	28	1	1	6	404	143	25	11	52	IMT
5	1	28	1	1	7	512	143	49	14	51	‘Agency
5	1	28	1	1	8	601	143	63	11	88	Contact#
5	1	28	1	1	9	681	133	11	31	61	|
5	1	28	1	1	10	697	143	38	12	85	ID/No
5	1	28	1	1	11	813	133	58	31	95	Vehicle
5	1	28	1	1	12	876	143	18	11	96	No
4	1	28	1	2	0	62	161	17	11	-1	
5	1	28	1	2	1	62	161	17	11	96	No
4	1	28	1	3	0	63	168	837	31	-1	
5	1	28	1	3	1	63	178	4	11	59	1
5	1	28	1	3	2	90	168	44	31	59	[Dori
5	1	28	1	3	3	139	168	56	31	60	Tshering
5	1	28	1	3	4	221	168	12	31	47	|
5	1	28	1	3	5	237	178	40	11	91	Dasho
5	1	28	1	3	6	355	168	50	31	13	Tneident
5	1	28	1	3	7	501	178	71	14	90	Dzongkhag
5	1	28	1	3	8	587	168	11	31	69	|
5	1	28	1	3	9	602	178	64	11	80	17627226
5	1	28	1	3	10	824	178	76	11	48	BG-TA1497
4	1	28	1	4	0	237	186	314	31	-1	
5	1	28	1	4	1	237	186	64	31	92	Dzongdag
5	1	28	1	4	2	354	186	80	31	78	Commander
5	1	28	1	4	3	522	196	29	11	84	‘Adm
4	1	28	1	5	0	62	203	838	31	-1	
5	1	28	1	5	1	62	213	7	11	22	2
5	1	28	1	5	2	89	203	51	31	22	[Tashi
5	1	28	1	5	3	143	203	65	31	67	Gyeltshen
5	1	28	1	5	4	218	203	16	31	78	|
5	1	28	1	5	5	237	213	40	11	86	Dasho
5	1	28	1	5	6	345	203	66	31	96	Logistics
5	1	28	1	5	7	417	203	34	31	94	Chief
5	1	28	1	5	8	501	213	71	14	92	Dzongkhag
5	1	28	1	5	9	587	203	11	31	57	|
5	1	28	1	5	10	602	213	64	11	76	17160582
5	1	28	1	5	11	824	213	76	11	61	BG-1A-2849
4	1	28	1	6	0	237	221	314	31	-1	
5	1	28	1	6	1	237	221	61	31	89	Dzongrab
5	1	28	1	6	2	522	231	29	11	88	‘Adm
4	1	28	1	7	0	62	248	604	14	-1	
5	1	28	1	7	1	62	248	6	11	49	3
5	1	28	1	7	2	89	238	11	31	49	|
5	1	28	1	7	3	101	238	39	31	58	Tashi
5	1	28	1	7	4	145	238	56	31	77	Namgyal
5	1	28	1	7	5	218	238	16	31	57	|
5	1	28	1	7	6	237	248	71	14	91	Dzongkhag
5	1	28	1	7	7	354	248	114	11	90	Coordination
5	1	28	1	7	8	440	238	29	31	94	with
5	1	28	1	7	9	471	238	16	31	75	|
5	1	28	1	7	10	501	248	71	14	60	Dzongkhag
5	1	28	1	7	11	587	238	12	31	52	|
5	1	28	1	7	12	602	248	64	11	52	17129794
4	1	28	1	8	0	227	256	324	31	-1	
5	1	28	1	8	1	227	256	71	31	96	Education
5	1	28	1	8	2	344	256	94	31	87	Schools/core
5	1	28	1	8	3	522	266	29	11	72	Adm
4	1	28	1	9	0	227	273	159	31	-1	
5	1	28	1	9	1	227	273	52	31	96	Officer
5	1	28	1	9	2	354	284	32	10	95	team
4	1	28	1	10	0	62	291	837	31	-1	
5	1	28	1	10	1	62	301	7	11	66	4
5	1	28	1	10	2	106	301	48	11	31	|CLdas
5	1	28	1	10	3	237	291	71	31	92	Dzongkhag
5	1	28	1	10	4	342	291	50	31	96	Water
5	1	28	1	10	5	397	291	22	31	96	and
5	1	28	1	10	6	535	301	4	3	0	E
5	1	28	1	10	7	602	301	64	11	88	77129810
5	1	28	1	10	8	698	301	89	11	52	[711803000837
5	1	28	1	10	9	791	291	27	31	50	_|
5	1	28	1	10	10	824	301	75	11	60	BP-1-C9496
4	1	28	1	11	0	227	308	190	31	-1	
5	1	28	1	11	1	227	308	65	31	89	Engineer
5	1	28	1	11	2	354	318	63	14	96	Electricity
4	1	28	1	12	0	63	326	836	31	-1	
5	1	28	1	12	1	63	336	6	11	59	5
5	1	28	1	12	2	87	326	61	31	59	|Singye
5	1	28	1	12	3	149	326	32	31	21	Don
5	1	28	1	12	4	188	336	6	11	21	T
5	1	28	1	12	5	219	326	16	31	47	|
5	1	28	1	12	6	237	336	46	12	90	Human
5	1	28	1	12	7	344	326	105	31	93	Transportation
5	1	28	1	12	8	535	336	4	3	55	3
5	1	28	1	12	9	602	336	64	11	60	77129783
5	1	28	1	12	10	698	336	88	11	44	[711512004789
5	1	28	1	12	11	791	326	27	31	44	_|
5	1	28	1	12	12	824	336	75	11	83	BP-2-A6237
4	1	28	1	13	0	237	353	60	11	-1	
5	1	28	1	13	1	237	353	60	11	96	Resource
4	1	28	1	14	0	237	370	42	11	-1	
5	1	28	1	14	1	237	370	42	11	96	Officer
4	1	28	1	15	0	62	378	837	31	-1	
5	1	28	1	15	1	62	388	7	11	60	@
5	1	28	1	15	2	86	378	16	31	48	|
5	1	28	1	15	3	106	388	97	14	48	SonamZangpo
5	1	28	1	15	4	215	378	17	31	55	|
5	1	28	1	15	5	237	388	71	14	92	Dzongkhag
5	1	28	1	15	6	345	378	38	31	92	Food
5	1	28	1	15	7	391	388	23	11	96	and
5	1	28	1	15	8	535	388	4	3	0	°
5	1	28	1	15	9	602	388	64	12	78	77129792
5	1	28	1	15	10	698	388	89	12	65	[71410000766
5	1	28	1	15	11	804	378	17	31	27	|
5	1	28	1	15	12	824	388	75	12	57	BP-1-D9908
4	1	28	1	16	0	227	395	182	31	-1	
5	1	28	1	16	1	227	395	79	31	95	Agriculture
5	1	28	1	16	2	354	405	55	14	91	Supplies
4	1	28	1	17	0	237	422	42	11	-1	
5	1	28	1	17	1	237	422	42	11	94	Officer
4	1	28	1	18	0	62	440	837	14	-1	
5	1	28	1	18	1	62	440	7	11	54	7
5	1	28	1	18	2	91	430	11	31	35	|
5	1	28	1	18	3	101	430	57	31	35	Younten
5	1	28	1	18	4	164	430	24	31	61	Dor
5	1	28	1	18	5	215	443	1	8	27	|
5	1	28	1	18	6	231	430	55	31	94	Finance
5	1	28	1	18	7	292	430	42	31	25	Officer
5	1	28	1	18	8	337	430	11	31	25	|
5	1	28	1	18	9	349	430	55	31	94	Finance
5	1	28	1	18	10	409	430	48	31	84	Section
5	1	28	1	18	11	535	440	4	4	52	7
5	1	28	1	18	12	602	440	64	11	55	77129782
5	1	28	1	18	13	698	440	89	12	63	[71504002835
5	1	28	1	18	14	804	430	17	31	48	|
5	1	28	1	18	15	824	440	75	12	24	BP-1-De558
4	1	28	1	19	0	62	460	837	31	-1	
5	1	28	1	19	1	62	470	7	11	75	@
5	1	28	1	19	2	91	460	11	31	60	|
5	1	28	1	19	3	101	460	52	31	60	Kencho
5	1	28	1	19	4	158	460	48	31	69	Wangdi
5	1	28	1	19	5	218	460	16	31	69	|
5	1	28	1	19	6	237	470	71	14	92	Dzongkhag
5	1	28	1	19	7	343	460	61	31	96	Medical
5	1	28	1	19	8	535	470	4	4	0	:
5	1	28	1	19	9	602	470	63	11	51	77129873
5	1	28	1	19	10	683	460	11	31	57	|
5	1	28	1	19	11	698	470	86	11	68	10407000401
5	1	28	1	19	12	804	460	17	31	60	|
5	1	28	1	19	13	824	470	75	11	60	BP-1-C3503
4	1	28	1	20	0	237	487	206	12	-1	
5	1	28	1	20	1	237	487	41	12	96	Health
5	1	28	1	20	2	283	487	42	12	78	Officer
5	1	28	1	20	3	333	477	17	31	62	|
5	1	28	1	20	4	354	487	89	12	81	Services/core
4	1	28	1	21	0	354	505	32	10	-1	
5	1	28	1	21	1	354	505	32	10	96	team
4	1	28	1	22	0	62	512	837	31	-1	
5	1	28	1	22	1	62	522	7	11	76	9
5	1	28	1	22	2	89	512	36	31	12	[Kur
5	1	28	1	22	3	127	512	25	31	12	Bar
5	1	28	1	22	4	156	522	46	14	79	Gurung
5	1	28	1	22	5	218	512	16	31	67	|
5	1	28	1	22	6	237	522	71	14	92	Dzongkhag
5	1	28	1	22	7	344	512	74	31	89	Veterinary
5	1	28	1	22	8	535	522	4	3	52	7
5	1	28	1	22	9	602	522	64	12	65	77129786
5	1	28	1	22	10	683	512	11	31	64	|
5	1	28	1	22	11	698	522	86	12	35	71201001501
5	1	28	1	22	12	804	512	17	31	48	|
5	1	28	1	22	13	824	522	75	12	18	BP-2-AeT84
4	1	28	1	23	0	225	530	182	31	-1	
5	1	28	1	23	1	225	530	72	31	92	Livestock
5	1	28	1	23	2	354	543	53	9	92	services
4	1	28	1	24	0	237	557	42	11	-1	
5	1	28	1	24	1	237	557	42	11	96	Officer
4	1	28	1	25	0	63	575	835	14	-1	
5	1	28	1	25	1	63	575	14	12	61	10
5	1	28	1	25	2	87	566	11	31	61	|
5	1	28	1	25	3	106	575	63	14	72	Gyeltshen
5	1	28	1	25	4	227	566	35	31	92	Kidu
5	1	28	1	25	5	266	566	45	31	71	Officer
5	1	28	1	25	6	318	566	32	31	25	__|
5	1	28	1	25	7	355	566	27	31	88	Kidu
5	1	28	1	25	8	387	566	54	31	66	Services
5	1	28	1	25	9	602	575	62	12	38	T7eaa041
5	1	28	1	25	10	698	575	89	12	57	[71009001188
5	1	28	1	25	11	804	566	17	31	56	|
5	1	28	1	25	12	824	575	74	12	66	BP-1-£0760
4	1	28	1	26	0	63	595	836	31	-1	
5	1	28	1	26	1	63	605	12	11	10	T7__|
5	1	28	1	26	2	100	595	40	31	45	Pema
5	1	28	1	26	3	139	595	50	31	95	Tenzin
5	1	28	1	26	4	225	595	39	31	89	DPO
5	1	28	1	26	5	344	595	40	31	93	Core
5	1	28	1	26	6	388	605	36	11	90	Team
5	1	28	1	26	7	602	605	64	11	78	77784416
5	1	28	1	26	8	698	605	88	11	66	[10601001353
5	1	28	1	26	9	804	595	17	31	24	|
5	1	28	1	26	10	824	605	75	11	77	BP-4-A1927
4	1	28	1	27	0	63	634	836	14	-1	
5	1	28	1	27	1	63	634	14	12	18	T2_|
5	1	28	1	27	2	100	625	53	31	46	Kencho
5	1	28	1	27	3	152	625	31	31	61	Doni
5	1	28	1	27	4	237	634	83	12	89	Procurement
5	1	28	1	27	5	333	625	17	31	39	|
5	1	28	1	27	6	355	634	82	12	96	Procurement
5	1	28	1	27	7	535	634	4	4	0	*
5	1	28	1	27	8	602	634	62	12	27	T7i29791
5	1	28	1	27	9	680	624	17	31	56	|
5	1	28	1	27	10	698	634	88	12	64	11407001473
5	1	28	1	27	11	804	624	17	31	60	|
5	1	28	1	27	12	824	634	75	12	56	BP-1-B7466
4	1	28	1	28	0	228	643	179	30	-1	
5	1	28	1	28	1	228	643	50	30	78	Officer
5	1	28	1	28	2	354	655	53	9	95	services
4	1	28	1	29	0	63	660	833	31	-1	
5	1	28	1	29	1	63	670	86	12	44	73_|Tandin
5	1	28	1	29	2	237	660	71	31	92	Dzongkhag
5	1	28	1	29	3	355	660	53	31	95	Member
5	1	28	1	29	4	535	670	4	4	0	&
5	1	28	1	29	5	602	670	64	12	73	77129796
5	1	28	1	29	6	698	670	88	12	61	[72002001559
5	1	28	1	29	7	809	660	12	31	44	|
5	1	28	1	29	8	824	670	72	12	55	BP-1-B1761
4	1	28	1	30	0	105	678	347	31	-1	
5	1	28	1	30	1	105	678	68	31	92	Wangchuk
5	1	28	1	30	2	230	678	59	31	96	Disaster
5	1	28	1	30	3	354	687	98	15	81	Secretary/Core
4	1	28	1	31	0	237	704	153	15	-1	
5	1	28	1	31	1	237	704	85	15	89	Management
5	1	28	1	31	2	333	695	17	31	69	|
5	1	28	1	31	3	354	704	36	12	95	Team
4	1	28	1	32	0	237	721	42	12	-1	
5	1	28	1	32	1	237	721	42	12	94	Officer
4	1	28	1	33	0	63	927	724	31	-1	
5	1	28	1	33	1	63	936	14	12	48	14
5	1	28	1	33	2	90	927	11	31	75	]
5	1	28	1	33	3	106	936	33	12	94	Gado
5	1	28	1	33	4	237	927	71	31	89	Dzongkhag
5	1	28	1	33	5	602	936	64	12	15	7600912]
5	1	28	1	33	6	698	936	89	12	91	11403000297
2	1	29	0	0	0	97	933	1	53	-1	
3	1	29	1	0	0	97	933	1	53	-1	
4	1	29	1	1	0	97	933	1	53	-1	
5	1	29	1	1	1	97	933	1	53	95	 
2	1	30	0	0	0	228	933	1	53	-1	
3	1	30	1	0	0	228	933	1	53	-1	
4	1	30	1	1	0	228	933	1	53	-1	
5	1	30	1	1	1	228	933	1	53	95	 
2	1	31	0	0	0	237	953	93	31	-1	
3	1	31	1	0	0	237	953	93	31	-1	
4	1	31	1	1	0	237	953	93	15	-1	
5	1	31	1	1	1	237	953	55	15	92	Tshogdu
5	1	31	1	1	2	298	953	32	12	95	Chair
4	1	31	1	2	0	237	973	43	11	-1	
5	1	31	1	2	1	237	973	43	11	96	person
2	1	32	0	0	0	346	933	1	53	-1	
3	1	32	1	0	0	346	933	1	53	-1	
4	1	32	1	1	0	346	933	1	53	-1	
5	1	32	1	1	1	346	933	1	53	95	 
2	1	33	0	0	0	479	933	1	53	-1	
3	1	33	1	0	0	479	933	1	53	-1	
4	1	33	1	1	0	479	933	1	53	-1	
5	1	33	1	1	1	479	933	1	53	95	 
2	1	34	0	0	0	593	933	1	53	-1	
3	1	34	1	0	0	593	933	1	53	-1	
4	1	34	1	1	0	593	933	1	53	-1	
5	1	34	1	1	1	593	933	1	53	95	 
2	1	35	0	0	0	689	933	1	53	-1	
3	1	35	1	0	0	689	933	1	53	-1	
4	1	35	1	1	0	689	933	1	53	-1	
5	1	35	1	1	1	689	933	1	53	95	 
2	1	36	0	0	0	815	933	1	53	-1	
3	1	36	1	0	0	815	933	1	53	-1	
4	1	36	1	1	0	815	933	1	53	-1	
5	1	36	1	1	1	815	933	1	53	95	 
2	1	37	0	0	0	53	984	881	2	-1	
3	1	37	1	0	0	53	984	881	2	-1	
4	1	37	1	1	0	53	984	881	2	-1	
5	1	37	1	1	1	53	984	881	2	95	 
2	1	38	0	0	0	933	140	1	596	-1	
3	1	38	1	0	0	933	140	1	596	-1	
4	1	38	1	1	0	933	140	1	596	-1	
5	1	38	1	1	1	933	140	1	596	95	 
2	1	39	0	0	0	933	933	1	53	-1	
3	1	39	1	0	0	933	933	1	53	-1	
4	1	39	1	1	0	933	933	1	53	-1	
5	1	39	1	1	1	933	933	1	53	95	 
